3
Advogado Securitário
8.88222621594128 9.137451586890094 4.3539933843513365 3.6647491561194867 2.3009806756558735 8.576222583188324 6.308250835635914 1.0320874484171794 9.865596687425564 9.942428487653046 9.28693968605127 1.768726929365595 3.3544680275054306 2.444507143782213 
Advogado Societário
2.604205125035768 3.3974264985098 6.1442575305719345 6.846789123869059 9.665611979358586 8.93169818548743 9.291869108689744 8.297821353869267 4.823799885366482 1.568242659719311 6.253397954212195 6.710540277171337 5.917778104192414 6.283808608483207 
Advogado Trabalhista
7.884655575640882 7.532738175295104 6.9383050989512025 7.4493235521335475 3.479184503403552 2.4357125958548442 2.654377917873939 2.794859576270298 6.77351756255378 7.700946499974004 8.490925963355807 1.8421891619701125 8.08575219893956 7.899118298369721 
3
Isis
5.327888299861138 1.8608733291819912 4.888731345197278 9.507449235099536 6.339867851716567 9.389740370359542 4.186146871644176 2.921095566909168 9.74955240479731 4.577812863989967 5.899210712578907 1.5702550647181213 1.4932915930646806 7.894066852689886 
Ivna
8.47629052943631 2.16114536282178 6.7119069905137305 2.9858252952338793 3.141635256804123 9.572767619360826 8.181688710286416 4.661913514010873 3.3767354595732835 4.056354743428791 7.2200347595485495 1.7962087172054175 7.259167727843683 3.631858654355077 
Jamille
4.699095031806642 8.060830177511416 5.785449743012922 3.8729441930546606 2.42773108897501 4.228283381928027 2.4626366711833727 8.883282906597081 9.351565273816163 0.6744589544530921 8.174087532416722 7.940773244416119 2.772836459895298 7.6694591854570735 
